Command: D:\Espressif\python_env\idf5.5_py3.11_env\Scripts\python.exe D:\Espressif\frameworks\esp-idf-v5.5-2\tools/idf_monitor.py -p COM14 -b 115200 --toolchain-prefix riscv32-esp-elf- --target esp32h2 --revision 0 --decode-panic backtrace D:\skapelser\flowophone\esp32\i2s_std\build\i2s_std_example.elf D:\skapelser\flowophone\esp32\i2s_std\build\bootloader\bootloader.elf --force-color -m 'D:\Espressif\python_env\idf5.5_py3.11_env\Scripts\python.exe' 'D:\Espressif\frameworks\esp-idf-v5.5-2\\tools\idf.py' '-p' 'COM14'
ESP-ROM:esp32h2-20221101
Build:Nov  1 2022
rst:0x1 (POWERON),boot:0x1c (SPI_FAST_FLASH_BOOT)
SPIWP:0xee
mode:DIO, clock div:1
load:0x408460f0,len:0x16b0
load:0x4083c2d0,len:0xfe0
load:0x4083efd0,len:0x2fb4
entry 0x4083c2da
[0;32mI (23) boot: ESP-IDF v5.5.2-729-g87912cd291 2nd stage bootloader[0m
[0;32mI (24) boot: compile time Apr  3 2026 17:33:27[0m
[0;32mI (25) boot: chip revision: v0.1[0m
[0;32mI (25) boot: efuse block revision: v0.3[0m
[0;32mI (29) boot.esp32h2: SPI Speed      : 64MHz[0m
[0;32mI (33) boot.esp32h2: SPI Mode       : DIO[0m
[0;32mI (36) boot.esp32h2: SPI Flash Size : 2MB[0m
[0;32mI (40) boot: Enabling RNG early entropy source...[0m
[0;32mI (45) boot: Partition Table:[0m
[0;32mI (47) boot: ## Label            Usage          Type ST Offset   Length[0m
[0;32mI (53) boot:  0 nvs              WiFi data        01 02 00009000 00006000[0m
[0;32mI (60) boot:  1 phy_init         RF data          01 01 0000f000 00001000[0m
[0;32mI (66) boot:  2 factory          factory app      00 00 00010000 00100000[0m
[0;32mI (73) boot: End of partition table[0m
[0;32mI (76) esp_image: segment 0: paddr=00010020 vaddr=42020020 size=19b08h (105224) map[0m
[0;32mI (114) esp_image: segment 1: paddr=00029b30 vaddr=40800000 size=064e8h ( 25832) load[0m
[0;32mI (123) esp_image: segment 2: paddr=00030020 vaddr=42000020 size=19cc0h (105664) map[0m
[0;32mI (153) esp_image: segment 3: paddr=00049ce8 vaddr=408064e8 size=04bf0h ( 19440) load[0m
[0;32mI (160) esp_image: segment 4: paddr=0004e8e0 vaddr=4080b0e0 size=01744h (  5956) load[0m
[0;32mI (163) esp_image: segment 5: paddr=0005002c vaddr=50000000 size=00020h (    32) load[0m
[0;32mI (168) boot: Loaded app from partition at offset 0x10000[0m
[0;32mI (170) boot: Disabling RNG early entropy source...[0m
[0;32mI (187) cpu_start: Unicore app[0m
[0;32mI (195) cpu_start: GPIO 23 and 24 are used as console UART I/O pins[0m
[0;32mI (196) cpu_start: Pro cpu start user code[0m
[0;32mI (196) cpu_start: cpu freq: 96000000 Hz[0m
[0;32mI (197) app_init: Application information:[0m
[0;32mI (201) app_init: Project name:     i2s_std_example[0m
[0;32mI (206) app_init: App version:      b6e3810-dirty[0m
[0;32mI (210) app_init: Compile time:     Apr  3 2026 17:33:38[0m
[0;32mI (215) app_init: ELF file SHA256:  b81dde3fa...[0m
[0;32mI (220) app_init: ESP-IDF:          v5.5.2-729-g87912cd291[0m
[0;32mI (225) efuse_init: Min chip rev:     v0.0[0m
[0;32mI (229) efuse_init: Max chip rev:     v1.99 [0m
[0;32mI (233) efuse_init: Chip rev:         v0.1[0m
[0;32mI (237) heap_init: Initializing. RAM available for dynamic allocation:[0m
[0;32mI (243) heap_init: At 40815900 len 00037A80 (222 KiB): RAM[0m
[0;32mI (248) heap_init: At 4084D380 len 00002B60 (10 KiB): RAM[0m
[0;32mI (253) heap_init: At 50000020 len 00000FC8 (3 KiB): RTCRAM[0m
[0;32mI (259) spi_flash: detected chip: gd[0m
[0;32mI (262) spi_flash: flash io: dio[0m
[0;33mW (265) spi_flash: Detected size(4096k) larger than the size in the binary image header(2048k). Using the size in the binary image header.[0m
[0;32mI (277) sleep_gpio: Configure to isolate all GPIO pins in sleep state[0m
[0;32mI (283) sleep_gpio: Enable automatic switching of GPIO sleep configuration[0m
[0;32mI (290) main_task: Started on CPU0[0m
[0;32mI (290) main_task: Calling app_main()[0m
D (290) i2s_common: tx channel is registered on I2S0 successfully
D (300) i2s_common: DMA malloc info: dma_desc_num = 6, dma_desc_buf_size = dma_frame_num * slot_num * data_bit_width = 960
D (310) i2s_std: Clock division info: [sclk] 96000000 Hz [mdiv] 8 74/147 [mclk] 11289600 Hz [bdiv] 8 [bclk] 1411200 Hz
D (320) i2s_std: The tx channel on I2S0 has been initialized to STD mode successfully
D (330) i2s_common: i2s tx channel enabled
0
[0;32mI (330) main_task: Returned from app_main()[0m
1
0
0
0
0
0
0
0
0
1
1
0
0
0
0
0
0
0
1
0
0
0
0
1
0
0
1
0
1
0
0
0
0
1
0
1
0
0
0
0
0
1
1
1
1
1
1
0
1
0
0
0
0
1
1
0
1
1
0
0
1
1
0
0
1
0
0
0
0
1
0
1
1
0
0
0
0
1
0
1
0
1
0
0
0
1
1
0
0
0
0
17
1
1
1
0
16
0
1
0
1
0
48
96
240
433
593
576
496
529
672
832
976
1041
1057
1056
1152
1248
1297
1345
1328
1329
1376
1392
1424
1472
1456
1488
1537
1569
1569
1584
1600
1617
1633
1665
1665
1681
1680
1665
1665
1633
1585
1489
1185
480
17
1
1
0
1
0
0
0
0
1
1
1
1
1
1
0
0
0
1
0
17
0
1
0
0
1
0
17
65
144
224
369
512
672
849
1040
1184
1328
1408
1456
1472
1505
1521
1537
1552
1584
1617
1632
1649
1665
1664
1680
1680
1665
1649
1616
1569
1489
1201
609
176
17
16
0
1
1
1
1
0
0
0
1
0
0
1
1
1
0
1
1
0
0
64
176
160
224
240
225
288
369
417
448
464
545
625
705
864
1057
1152
1200
1200
1232
1345
1473
1520
1537
1553
1568
1601
1632
1664
1633
1648
1649
1664
1680
1680
1696
1712
1728
1745
1777
1792
1824
1841
1856
1872
1873
1873
1888
1904
1904
1920
1936
1937
1953
1952
1936
1921
1888
1824
1745
1633
1536
1456
1216
865
561
401
225
64
1
1
0
17
1
0
0
1
17
17
1
0
0
0
0
1
1
0
1
1
1
1
0
1
1
1
1
16
80
144
208
321
433
1
0
0
0
0
0
0
0
1
1
0
0
0
0
16
528
1393
1553
1617
1664
1681
1713
1729
1745
1745
1777
1792
1809
1824
1824
1841
1856
1872
1889
1905
1920
1952
1953
1968
1984
1985
2001
1985
2001
2001
2017
2001
2016
2016
2000
2017
2016
2016
2001
2016
2017
2016
2016
2017
2017
2016
2001
2016
2001
2017
2017
2001
2001
2001
2000
2001
2000
2001
1985
1984
2000
2001
2001
2000
2000
2000
2000
2001
1985
2000
2017
2017
2017
2001
2000
2017
2001
2000
2016
2017
2000
2016
2001
2017
2016
2017
2017
2016
2016
2016
2017
2016
2016
2016
2016
2016
2016
2016
1985
1921
1840
1713
1585
1312
176
32
17
64
49
48
33
32
17
32
17
16
17
32
32
16
0
1
0
0
0
17
16
1
113
800
1057
1409
1553
1633
1696
1745
1792
1841
1872
1888
1904
1921
1953
1952
1952
1952
1937
1921
1937
1921
1937
1953
1968
1984
2001
2017
2016
2017
2016
2033
2016
2033
2032
2047
2047
2047
2047
2047
2047
2047
2047
2047
2047
2047
2047
2047
2047
2047
2047
2047
2047
2047
2047
2047
2047
2047
2033
2032
2032
2032
2033
2016
2032
2017
2016
2016
2001
2001
2017
2016
2001
1968
1953
1904
1872
1873
1888
1888
1888
1873
1825
1712
1584
1137
81
33
81
48
48
33
0
16
17
1
0
736
1504
1617
1713
1809
1888
1920
1952
1984
1984
2001
2000
2001
2001
2000
2001
2016
2016
2016
2016
2016
2000
2017
2017
2016
2000
2000
2001
2001
1985
1985
1985
1985
1985
1969
1984
1969
1985
1984
1985
1985
1985
2001
2000
2016
2001
2017
2016
2001
2001
2001
2001
2001
2000
2001
2000
1984
1985
1985
1985
1985
1984
1985
1984
1985
1984
1984
1984
1968
1968
1968
1968
1969
1969
1984
1969
1969
1952
1968
1953
1953
1953
1952
1953
1968
1952
1952
1953
1936
1937
1953
1937
1936
1953
1952
1953
1937
1936
1952
1952
1953
1952
1952
1937
1936
1937
1936
1936
1937
1936
1936
1937
1936
1937
1936
1936
1937
1936
1936
1921
1920
1921
1921
1921
1905
1921
1905
1889
1856
1840
1792
1793
1792
1760
1745
1713
1713
1697
1697
1665
1649
1632
1633
1633
1632
1616
1600
1585
1568
1568
1553
1536
1521
1521
1520
1504
1489
1472
1393
1344
1361
1313
1185
993
672
481
400
352
272
208
145
113
81
48
1
0
0
0
0
1
0
0
0
1
0
0
1
1
16
1
17
17
17
17
16
33
81
65
48
80
112
144
145
97
33
49
97
160
145
113
81
49
1
0
1
1
0
16
16
0
0
16
1
1
1
1
16
0
1
1
0
0
16
1
1
1
16
16
0
1
0
1
0
1
1
0
1
0
1
17
1
0
0
1
0
1
1
1
17
0
0
0
1
1
1
1
1
0
0
0
0
0
1
1
1
0
0
1
1
0
1
0
0
1
1
0
0
0
1
1
0
1
17
1
1
0
0
1
1
0
1
1
1
1
0
1
1
1
0
1
0
0
0
1
16
1
0
1
1
0
1
0
0
1
1
1
0
1
1
0
1
16
0
0
1
17
0
1
0
0
1
1
0
0
0
0
0
1
0
0
0
0
0
0
0
1
1
1
0
1
0
0
1
0
0
17
1
0
0
0
0
0
1
1
0
16
1
0
16
1
0
0
1
0
1
0
1
1
1
0
0
0
0
0
1
1
0
1
0
1
1
1
0
0
0
1
0
0
0
0
0
0
17
1
0
16
17
17
17
1
16
1
0
17
0
16
17
17
16
17
33
33
32
32
17
17
16
16
17
17
1
0
1
1
0
1
0
1
0
1
0
1
0
0
1
0
0
1
1
0
1
1
0
0
1
1
1
1
17
0
1
0
1
33
48
17
0
0
1
0
17
17
33
17
32
32
33
33
48
48
49
65
48
33
48
49
48
49
48
48
48
49
49
48
49
64
48
48
48
64
49
65
49
49
64
49
64
48
48
48
33
48
49
49
49
48
49
48
33
32
1
17
16
0
1
17
1
0
0
1
0
1
0
1
0
1
1
0
0
0
0
1
1
0
0
0
0
0
0
0
0
0
0
1
0
0
0
0
1
1
16
16
16
48
48
48
49
64
49
64
49
65
64
65
65
64
64
65
65
65
81
65
65
65
65
65
65
65
65
64
65
65
80
64
64
64
65
80
64
65
65
80
65
81
80
64
64
65
64
65
64
80
65
65
64
64
49
49
48
33
33
16
0
49
32
16
16
16
33
48
48
33
33
33
32
17
16
16
32
33
32
17
17
17
17
32
33
64
81
96
129
177
192
193
241
321
385
400
337
321
352
385
401
352
320
336
369
368
337
320
353
353
337
305
273
240
144
17
1
0
0
0
0
0
1
0
1
0
0
1
0
1
1
0
1
1
1
1
0
0
1
1
1
16
1
1
1
1
1
0
1
1
1
1
0
1
0
1
1
0
1
0
0
1
17
33
33
16
16
32
49
64
65
81
96
80
80
64
65
48
65
64
64
49
33
48
32
49
49
64
33
65
96
112
128
145
160
161
177
161
145
160
193
192
161
145
128
144
161
177
176
192
209
272
384
480
496
449
384
336
336
336
368
416
464
544
608
640
704
785
864
1025
1121
1185
1216
1280
1329
1392
1424
1424
1441
1440
1457
1472
1440
1441
1456
1473
1473
1488
1488
1504
1505
1505
1504
1520
1537
1552
1552
1552
1569
1584
1600
1616
1616
1632
1616
1617
1617
1616
1617
1632
1632
1616
1616
1584
1569
1569
1505
1265
480
16
1
1
1
16
0
1
1
0
17
1
0
0
1
0
1
0
1
1
1
1
1
1
0
1
1
0
0
1
0
0
0
0
1
1
1
1
0
0
1
0
0
0
1
0
0
0
1
1
1
1
0
0
1
1
0
0
16
1
1
1
17
1
1
0
16
1
1
17
0
1
0
16
0
0
1
0
1
0
1
0
0
0
1
0
0
17
16
0
0
0
0
1
1
0
1
1
0
0
0
0
16
1
1
0
17
16
1
0
1
0
0
16
1
0
1
0
0
16
1
0
1
0
0
0
0
1
0
0
0
0
1
16
0
0
1
0
1
1
0
0
0
1
0
0
17
1
0
0
0
1
1
16
0
0
0
16
0
1
0
1
0
0
1
1
1
0
1
0
0
1
1
17
0
0
0
0
0
0
1
0
0
0
0
16
1
0
0
1
0
1
1
0
0
0
0
0
1
0
0
1
0
1
0
1
0
0
1
0
1
0
1
0
0
1
0
0
0
1
0
0
0
0
0
1
0
1
1
0
0
1
0
0
1
1
0
16
1
0
1
1
0
1
0
0
0
1
0
0
1
0
0
1
1
0
0
1
0
1
0
1
0
0
0
0
0
1
0
0
0
0
0
0
0
16
0
0
1
0
1
1
1
1
1
0
0
0
0
1
0
0
1
16
1
1
0
0
1
1
0
1
0
0
1
0
1
1
1
1
1
0
1
0
1
1
0
1
0
1
1
1
1
0
1
1
1
0
0
1
1
0
1
1
0
1
0
0
0
1
0
1
0
1
1
0
0
1
0
1
1
0
1
1
0
1
1
1
0
1
0
0
1
1
1
0
1
0
1
1
1
1
0
0
1
0
0
0
1
1
1
0
0
0
0
1
0
0
0
0
1
1
1
0
1
0
1
0
1
1
0
1
0
1
