Command: ninja flash
[1/10] Performing build step for 'bootloader'
[1/1] C:\WINDOWS\system32\cmd.exe /C "cd /D D:\skapelser\flowophone\esp32\i2s_std\build\bootloader\esp-idf\esptool_py && D:\Espressif\python_env\idf5.5_py3.11_env\Scripts\python.exe D:/Espressif/frameworks/esp-idf-v5.5-2/components/partition_table/check_sizes.py --offset 0x8000 bootloader 0x0 D:/skapelser/flowophone/esp32/i2s_std/build/bootloader/bootloader.bin"
Bootloader binary size 0x56a0 bytes. 0x2960 bytes (32%) free.
[2/10] No install step for 'bootloader'
[3/10] Completed 'bootloader'
[4/10] Building C object esp-idf/main/CMakeFiles/__idf_main.dir/i2s_std_example_main.c.obj
FAILED: esp-idf/main/CMakeFiles/__idf_main.dir/i2s_std_example_main.c.obj 
ccache D:\Espressif\tools\riscv32-esp-elf\esp-14.2.0_20251107\riscv32-esp-elf\bin\riscv32-esp-elf-gcc.exe -DESP_PLATFORM -DIDF_VER=\"v5.5.2-729-g87912cd291\" -DSOC_MMU_PAGE_SIZE=CONFIG_MMU_PAGE_SIZE -DSOC_XTAL_FREQ_MHZ=CONFIG_XTAL_FREQ -D_GLIBCXX_HAVE_POSIX_SEMAPHORE -D_GLIBCXX_USE_POSIX_SEMAPHORE -D_GNU_SOURCE -D_POSIX_READER_WRITER_LOCKS -ID:/skapelser/flowophone/esp32/i2s_std/build/config -ID:/skapelser/flowophone/esp32/i2s_std/main -ID:/Espressif/frameworks/esp-idf-v5.5-2/components/newlib/platform_include -ID:/Espressif/frameworks/esp-idf-v5.5-2/components/freertos/config/include -ID:/Espressif/frameworks/esp-idf-v5.5-2/components/freertos/config/include/freertos -ID:/Espressif/frameworks/esp-idf-v5.5-2/components/freertos/config/riscv/include -ID:/Espressif/frameworks/esp-idf-v5.5-2/components/freertos/FreeRTOS-Kernel/include -ID:/Espressif/frameworks/esp-idf-v5.5-2/components/freertos/FreeRTOS-Kernel/portable/riscv/include -ID:/Espressif/frameworks/esp-idf-v5.5-2/components/freertos/FreeRTOS-Kernel/portable/riscv/include/freertos -ID:/Espressif/frameworks/esp-idf-v5.5-2/components/freertos/esp_additions/include -ID:/Espressif/frameworks/esp-idf-v5.5-2/components/esp_hw_support/include -ID:/Espressif/frameworks/esp-idf-v5.5-2/components/esp_hw_support/include/soc -ID:/Espressif/frameworks/esp-idf-v5.5-2/components/esp_hw_support/include/soc/esp32h2 -ID:/Espressif/frameworks/esp-idf-v5.5-2/components/esp_hw_support/dma/include -ID:/Espressif/frameworks/esp-idf-v5.5-2/components/esp_hw_support/ldo/include -ID:/Espressif/frameworks/esp-idf-v5.5-2/components/esp_hw_support/debug_probe/include -ID:/Espressif/frameworks/esp-idf-v5.5-2/components/esp_hw_support/mspi_timing_tuning/include -ID:/Espressif/frameworks/esp-idf-v5.5-2/components/esp_hw_support/mspi_timing_tuning/tuning_scheme_impl/include -ID:/Espressif/frameworks/esp-idf-v5.5-2/components/esp_hw_support/power_supply/include -ID:/Espressif/frameworks/esp-idf-v5.5-2/components/esp_hw_support/port/esp32h2/. -ID:/Espressif/frameworks/esp-idf-v5.5-2/components/esp_hw_support/port/esp32h2/include -ID:/Espressif/frameworks/esp-idf-v5.5-2/components/esp_hw_support/port/esp32h2/private_include -ID:/Espressif/frameworks/esp-idf-v5.5-2/components/heap/include -ID:/Espressif/frameworks/esp-idf-v5.5-2/components/heap/tlsf -ID:/Espressif/frameworks/esp-idf-v5.5-2/components/log/include -ID:/Espressif/frameworks/esp-idf-v5.5-2/components/soc/include -ID:/Espressif/frameworks/esp-idf-v5.5-2/components/soc/esp32h2 -ID:/Espressif/frameworks/esp-idf-v5.5-2/components/soc/esp32h2/include -ID:/Espressif/frameworks/esp-idf-v5.5-2/components/soc/esp32h2/register -ID:/Espressif/frameworks/esp-idf-v5.5-2/components/hal/platform_port/include -ID:/Espressif/frameworks/esp-idf-v5.5-2/components/hal/esp32h2/include -ID:/Espressif/frameworks/esp-idf-v5.5-2/components/hal/include -ID:/Espressif/frameworks/esp-idf-v5.5-2/components/esp_rom/include -ID:/Espressif/frameworks/esp-idf-v5.5-2/components/esp_rom/esp32h2/include -ID:/Espressif/frameworks/esp-idf-v5.5-2/components/esp_rom/esp32h2/include/esp32h2 -ID:/Espressif/frameworks/esp-idf-v5.5-2/components/esp_rom/esp32h2 -ID:/Espressif/frameworks/esp-idf-v5.5-2/components/esp_common/include -ID:/Espressif/frameworks/esp-idf-v5.5-2/components/esp_system/include -ID:/Espressif/frameworks/esp-idf-v5.5-2/components/esp_system/port/soc -ID:/Espressif/frameworks/esp-idf-v5.5-2/components/esp_system/port/include/riscv -ID:/Espressif/frameworks/esp-idf-v5.5-2/components/esp_system/port/include/private -ID:/Espressif/frameworks/esp-idf-v5.5-2/components/riscv/include -ID:/Espressif/frameworks/esp-idf-v5.5-2/components/esp_driver_i2s/include -ID:/Espressif/frameworks/esp-idf-v5.5-2/components/esp_driver_gpio/include -ID:/Espressif/frameworks/esp-idf-v5.5-2/examples/peripherals/i2s/i2s_examples_common -march=rv32imac_zicsr_zifencei  -fdiagnostics-color=always -ffunction-sections -fdata-sections -Wall -Werror=all -Wno-error=unused-function -Wno-error=unused-variable -Wno-error=unused-but-set-variable -Wno-error=deprecated-declarations -Wextra -Wno-error=extra -Wno-unused-parameter -Wno-sign-compare -Wno-enum-conversion -gdwarf-4 -ggdb -nostartfiles -Og -fno-shrink-wrap -fmacro-prefix-map=D:/skapelser/flowophone/esp32/i2s_std=. -fmacro-prefix-map=D:/Espressif/frameworks/esp-idf-v5.5-2=/IDF -fstrict-volatile-bitfields -fno-jump-tables -fno-tree-switch-conversion -std=gnu17 -Wno-old-style-declaration -MD -MT esp-idf/main/CMakeFiles/__idf_main.dir/i2s_std_example_main.c.obj -MF esp-idf\main\CMakeFiles\__idf_main.dir\i2s_std_example_main.c.obj.d -o esp-idf/main/CMakeFiles/__idf_main.dir/i2s_std_example_main.c.obj -c D:/skapelser/flowophone/esp32/i2s_std/main/i2s_std_example_main.c
D:/skapelser/flowophone/esp32/i2s_std/main/i2s_std_example_main.c:263:7: error: unknown type name '__flash'
  263 | const __flash uint8_t prutt[] = {156,156,156,156,156,156,156,156,156,156,156,156,156,157,156,157,157,157,156,156,156,157,156,157,157,157,157,156,156,156,156,156,156,156,156,156,156,156,156,157,157,157,157,156,157,156,157,157,157,156,157,157,157,157,157,157,157,157,157,157,157,157,157,156,157,157,157,157,157,157,157,157,157,157,157,157,156,156,157,157,157,157,156,157,158,157,156,156,156,156,155,155,156,156,156,154,155,156,156,155,155,155,155,158,157,155,156,156,155,158,157,155,156,157,158,157,156,157,156,154,155,156,157,154,154,157,156,153,156,154,148,155,155,150,158,155,152,160,163,177,173,144,140,155,170,174,169,166,149,146,168,177,177,183,176,170,176,169,164,181,190,180,172,191,204,193,172,160,133,92,75,50,67,112,117,107,109,108,103,103,115,125,126,139,144,145,147,146,150,154,163,178,186,194,199,199,202,201,197,197,196,192,194,195,191,192,190,187,191,194,188,180,172,173,173,159,154,166,173,165,153,145,142,150,150,144,141,142,139,129,134,139,138,143,141,135,139,145,158,157,157,170,150,128,127,129,143,172,177,164,180,197,181,155,144,114,82,85,81,85,107,113,107,119,125,114,118,133,142,148,151,150,152,154,158,162,170,181,193,201,205,209,205,204,205,202,203,214,213,213,216,204,193,194,190,181,189,191,187,189,178,169,166,164,171,163,152,149,138,136,147,143,131,132,132,127,125,126,125,125,132,133,131,136,143,147,138,130,128,130,129,129,143,151,168,176,180,198,190,164,162,149,135,130,106,94,83,68,65,88,111,121,126,120,118,131,138,134,144,160,175,175,175,174,177,186,193,207,212,205,212,221,221,223,219,214,218,217,207,208,212,200,196,199,189,191,196,188,185,185,179,168,158,148,147,159,167,158,141,133,128,131,137,136,125,113,115,125,125,120,122,119,114,118,120,116,116,114,116,115,112,113,119,148,178,175,170,170,167,177,187,171,162,166,147,126,112,106,97,79,69,93,128,130,132,127,125,127,140,151,155,169,176,184,188,183,190,192,198,213,220,224,225,231,229,223,223,216,209,213,200,201,211,197,188,190,202,196,177,165,165,168,163,160,154,154,153,147,144,146,135,125,132,134,142,128,107,113,120,116,123,118,105,122,132,125,125,132,118,111,118,111,113,125,145,158,168,176,175,177,181,166,170,197,181,160,143,137,132,97,83,75,79,116,138,125,123,118,116,130,135,153,165,170,177,183,188,189,190,197,211,216,219,222,229,230,218,216,218,213,207,208,204,201,211,209,196,195,194,185,168,158,170,168,153,149,149,143,157,156,137,143,138,118,116,121,117,115,116,124,124,115,111,106,109,116,124,127,115,109,111,112,116,115,117,130,139,155,172,181,182,183,179,178,194,200,191,187,187,171,154,93,43,65,98,122,131,127,123,123,119,133,145,137,153,170,170,182,189,184,189,195,200,205,211,220,227,228,218,220,232,230,211,199,202,202,208,206,193,194,179,172,188,175,169,170,152,159,163,156,149,145,137,127,122,122,122,127,124,107,109,115,124,121,116,113,109,109,108,113,116,126,135,139,122,97,90,98,114,132,147,153,164,177,180,193,203,190,181,201,198,169,171,194,193,176,143,53,28,78,117,148,147,129,123,135,138,133,141,159,175,195,203,196,180,175,183,185,209,230,234,228,226,233,231,220,212,203,195,199,210,217,210,184,171,183,182,170,158,154,160,161,154,155,143,126,136,137,130,126,114,112,119,117,111,109,106,109,104,103,122,123,113,106,102,109,117,126,127,120,116,105,91,114,141,147,157,167,180,184,193,208,199,204,199,197,195,179,163,172,220,212,160,89,44,41,82,130,141,140,125,128,141,138,131,150,164,178,193,198,198,195,205,204,194,207,229,222,224,240,235,234,236,220,207,195,182,192,206,207,195,180,187,178,163,157,141,137,144,139,139,149,137,132,125,100,95,113,118,114,122,117,102,101,114,109,106,107,103,106,96,102,105,104,109,105,125,126,121,135,147,159,169,176,189,199,215,218,210,218,190,176,182,175,182,189,165,142,115,55,37,82,125,130,148,141,115,126,147,147,150,170,179,192,216,216,199,197,206,214,202,209,236,234,238,254,243,224,210,205,201,196,208,201,192,199,185,161,152,157,146,148,162,152,135,124,127,118,120,135,116,98,117,126,110,103,106,104,104,111,99,93,97,97,103,102,99,102,125,136,126,124,117,119,134,148,179,195,191,197,192,196,213,204,189,186,189,168,131,130,143,120,88,82,117,119,108,129,126,127,146,151,162,181,179,191,188,190,204,198,208,213,219,223,233,254,244,230,222,211,217,216,211,211,214,210,196,191,189,171,174,185,171,159,145,147,156,141,129,133,137,130,113,115,115,113,110,102,102,97,108,118,104,110,119,103,103,99,93,108,108,95,96,105,104,112,124,115,122,142,142,151,177,187,188,198,194,199,204,204,212,197,198,196,192,214,203,181,154,132,129,111,67,70,126,103,97,133,120,129,144,140,155,160,166,187,183,189,200,209,225,212,213,227,222,228,222,228,229,221,230,231,224,205,201,195,193,192,186,178,170,171,162,147,137,136,127,130,137,134,128,122,114,101,98,102,100,101,102,110,109,105,102,101,109,108,105,113,116,118,123,122,119,109,125,135,129,132,143,159,161,171,187,198,194,194,225,220,210,214,192,192,189,194,195,159,135,95,45,74,120,101,99,129,130,133,145,141,152,149,151,186,207,207,186,179,191,200,213,223,223,247,239,228,233,213,215,208,197,204,208,204,199,187,168,162,177,168,149,148,146,145,139,140,145,127,114,119,130,130,112,99,97,105,114,118,111,111,103,98,113,128,121,108,104,113,124,129,148,139,127,126,107,111,144,159,159,173,176,180,188,192,202,200,205,207,198,216,210,195,188,174,187,175,154,124,50,33,94,105,96,108,109,131,137,129,132,144,156,170,188,188,183,199,199,195,216,231,232,225,227,239,240,231,230,229,220,203,200,208,197,188,181,169,169,172,163,149,126,127,129,129,152,157,147,118,102,112,105,99,102,100,101,108,117,107,118,126,121,129,126,125,110,102,111,114,128,144,139,129,110,110,139,160,165,179,179,180,194,189,193,197,203,216,218,214,178,170,210,186,197,185,153,135,28,8,85,103,98,119,130,140,127,121,131,138,156,171,182,192,182,173,196,203,210,217,231,250,241,226,216,218,225,217,212,217,214,192,196,198,181,170,168,165,159,157,156,146,133,135,128,123,121,119,118,122,127,117,100,92,97,112,110,103,120,117,116,132,125,117,111,116,132,129,136,149,139,133,114,105,136,153,173,188,187,186,191,194,195,204,196,189,198,209,200,177,191,197,200,191,137,136,69,0,65,94,91,127,129,115,135,133,125,133,148,170,184,194,204,196,191,205,208,220,233,240,231,223,237,230,211,220,215,198,215,204,187,193,182,164,162,156,144,153,146,137,141,143,140,135,127,119,110,111,110,108,112,109,118,118,109,101,101,118,113,118,133,128,126,119,121,137,130,129,143,130,124,115,139,168,167,187,194,195,192,179,189,196,188,204,194,172,184,181,173,188,155,137,166,110,30,56,95,89,116,136,136,131,127,139,146,169,187,186,200,201,201,216,220,221,223,230,240,243,239,228,236,228,213,225,222,197,190,193,176,172,165,149,139,140,136,131,128,119,121,124,115,105,110,113,111,99,96,100,102,120,120,109,115,112,103,114,124,131,137,139,141,140,137,142,144,141,154,155,145,152,157,165,174,191,205,203,197,181,181,191,187,179,181,174,175,193,196,179,124,143,162,75,47,70,76,100,129,135,135,136,129,134,151,170,183,196,211,201,200,218,222,222,216,232,249,234,239,220,216,225,193,210,213,183,185,185,176,164,149,152,146,125,120,124,127,120,109,103,103,99,102,104,107,106,92,101,106,108,120,111,116,116,112,126,129,138,156,152,152,157,155,153,156,181,190,180,175,176,178,196,202,196,203,195,181,182,187,177,171,166,171,166,158,176,182,151,125,145,160,102,70,39,13,98,135,128,143,125,125,146,157,180,182,178,199,212,209,205,219,214,204,215,227,235,232,219,215,236,212,191,202,171,159,178,168,155,153,138,131,121,114,118,121,118,106,112,109,98,101,112,110,96,115,133,121,124,136,131,120,115,126,132,140,157,154,169,189,181,180,181,187,196,193,183,173,163,168,186,184,175,190,183,160,162,155,147,159,173,159,146,166,167,157,137,137,155,133,101,66,31,53,114,128,132,147,139,144,154,163,194,196,182,216,228,214,219,212,204,214,219,226,239,215,204,207,194,188,207,198,169,163,153,139,120,117,121,128,133,132,126,120,117,111,106,100,103,122,125,118,116,113,121,143,146,136,144,135,141,150,156,161,161,184,191,185,194,185,172,178,179,179,173,149,136,157,159,172,173,158,171,157,141,162,182,156,140,154,158,164,172,157,117,115,157,133,109,95,38,67,114,124,138,141,153,162,155,175,185,183,196,214,224,223,222,202,196,208,229,230,212,208,224,214,192,189,181,186,182,166,146,128,126,129,129,134,119,125,127,101,107,116,118,121,127,126,115,118,131,141,134,129,137,139,152,158,146,146,157,171,185,192,179,175,185,183,174,157,165,172,150,149,140,140,153,146,152,153,157,154,151,167,167,161,176,171,150,156,169,159,139,137,137,131,142,161,70,18,99,130,132,157,151,143,167,173,186,179,180,201,194,211,216,197,205,215,206,206,208,206,222,217,192,190,178,165,171,137,132,154,133,138,142,131,124,126,132,121,107,122,137,136,137,117,116,142,146,136,155,165,151,148,153,161,156,151,162,174,169,174,173,171,185,174,147,152,156,151,148,133,126,124,145,148,138,150,152,149,168,161,151,160,171,171,146,133,129,136,137,153,167,109,85,141,132,138,157,141,173,182,184,186,170,188,198,201,223,208,198,198,194,197,197,194,176,187,192,177,167,152,162,163,138,146,144,122,136,136,111,119,132,131,130,138,144,147,139,139,145,151,158,150,155,161,162,162,166,180,174,165,160,155,153,153,168,174,162,172,165,140,143,147,138,130,124,118,123,134,152,152,155,156,163,178,170,145,125,115,117,154,152,84,77,128,136,161,151,149,185,176,180,195,184,185,207,214,213,205,195,191,195,195,201,199,187,176,171,182,177,149,144,147,146,149,148,149,142,134,141,142,132,148,138,121,141,151,141,144,152,158,165,159,157,159,156,155,154,156,166,155,138,144,157,169,167,159,155,159,167,160,143,141,129,135,159,148,130,136,142,146,179,176,152,123,100,144,136,85,121,147,112,137,154,143,165,162,162,175,175,183,196,191,191,188,180,196,202,194,197,187,174,179,170,166,164,157,161,153,158,159,162,161,150,143,138,149,166,167,153,156,158,164,156,144,149,152,163,162,149,164,181,162,138,134,131,145,159,145,157,154,142,153,146,150,163,149,151,163,147,143,156,137,146,163,152,168,173,166,165,148,114,102,103,129,140,113,130,147,136,143,156,149,162,167,169,182,181,182,172,173,182,174,173,177,172,168,173,175,169,158,153,159,172,171,170,158,147,159,154,158,170,167,168,169,163,165,164,160,162,172,180,173,165,152,143,158,167,153,142,142,144,152,162,144,150,165,150,152,154,145,156,146,150,163,141,140,133,122,127,114,130,151,148,154,168,172,170,157,142,160,155,143,139,127,164,177,151,158,155,140,160,170,169,163,163,168,151,155,170,165,159,166,160,158,170,166,155,158,159,160,158,159,171,162,160,165,159,153,155,176,179,162,157,160,163,164,163,165,164,155,158,162,166,169,161,158,151,154,159,148,140,149,147,145,164,160,140,145,151,165,172,149,161,177,169,177,133,105,106,99,138,146,133,139,150,160,157,153,159,156,163,176,168,169,173,169,162,152,157,165,161,165,156,149,159,151,149,153,152,157,158,157,155,154,159,167,169,168,161,160,166,171,173,166,159,156,157,160,160,157,152,155,154,151,149,152,154,146,149,161,168,166,168,161,163,163,159,167,160,167,174,149,136,151,145,144,153,148,150,158,162,157,149,149,155,156,153,155,151,147,150,150,152,152,153,163,157,148,154,150,149,151,156,161,159,171,168,155,151,157,162,166,178,175,167,152,125,107,137,153,150,159,156,159,158,168,175,160,158,182,182,164,160,157,156,165,157,148,156,151,147,148,144,141,154,154,152,157,155,167,164,149,149,161,170,175,171,159,172,172,163,167,163,153,157,162,157,157,157,152,147,153,155,151,155,148,143,149,152,154,158,160,161,159,162,158,153,147,144,152,141,139,147,144,150,156,149,156,156,154,163,161,163,162,161,163,164,163,158,154,165,166,162,161,156,156,159,157,152,149,155,157,147,145,147,150,153,155,150,153,161,153,154,159,156,157,162,161,160,158,162,172,162,163,164,158,171,164,154,164,161,158,165,160,160,160,157,161,159,162,166,160,157,153,152,160,155,152,159,155,154,147,146,155,158,157,149,123,131,159,139,140,155,146,151,165,153,150,160,161,165,163,154,162,162,157,159,156,155,156,156,157,159,160,162,157,157,156,155,162,162,156,158,158,157,158,152,155,152,155,160,158,161,151,149,159,162,156,151,158,160,157,161,158,153,162,164,161,159,160,163,158,160,163,158,158,158,158,161,162,160,152,148,152,150,151,155,155,156,154,154,158,157,156,155,153,157,157,153,151,150,151,149,152,154,156,159,160,160,157,156,159,159,158,160,155,155,159,158,155,158,157,155,155,155,157,158,157,156,158,155,154,156,155,159,164,161,161,160,161,160,157,162,160,157,157,155,150,145,144,150,152,153,156,153,153,153,154,152,152,156,159,158,156,159,156,160,160,156,159,162,158,154,156,158,158,153,155,158,156,159,160,159,160,160,163,165,164,160,159,159,161,162,160,161,160,159,160,159,156,154,152,153,157,155,151,148,146,148,151,152,154,155,155,155,157,157,157,155,155,154,152,155,155,153,152,153,158,160,158,157,156,156,157,157,156,156,155,155,156,157,157,155,156,155,153,154,154,155,157,157,156,157,156,154,154,157,158,157,158,158,157,157,157,157,158,159,159,160,161,163,162,162,159,158,159,160,162,160,161,161,158,158,160,160,159,157,156,157,158,157,155,155,155,153,154,153,152,152,151,152,153,154,156,157,156,154,154,155,158,158,157,157,154,151,150,152,153,151,151,154,154,155,154,152,152,151,153,155,157,159,157,152,154,157,159,160,159,158,160,164,162,159,158,158,160,158,157,157,156,158,159,158,158,159,159,159,158,159,159,159,157,155,157,159,161,158,157,157,156,155,154,156,157,154,155,156,158,157,155,158,161,160,158,158,158,160,159,158,160,162,159,156,155,158,159,157,154,152,156,156,154,149,149,151,151,150,151,152,155,154,151,150,154,154,153,152,153,155,155,155,155,155,154,155,157,159,160,159,158,159,159,159,161,162,161,160,159,159,160,161,161,159,158,158,158,158,158,158,159,159,157,154,154,154,155,155,155,155,156,156,156,154,155,157,157,157,157,156,157,158,157,157,156,157,159,159,159,159,159,159,158,158,158,157,157,156,156,156,157,157,157,156,155,155,155,154,153,153,154,155,155,154,153,154,154,155,156,154,155,155,156,156,155,154,155,155,155,156,157,158,157,156,156,158,158,158,157,157,158,158,158,158,158,158,158,158,158,158,157,156,156,156,157,158,157,156,156,156,157,158,157,157,157,158,158,158,159,158,157,158,158,158,157,157,157,157,157,157,157,157,157,157,156,156,156,155,155,156,156,157,157,156,154,155,156,156,156,156,156,156,155,155,155,155,154,155,155,155,155,154,154,154,155,156,156,156,156,156,156,157,157,157,157,156,156,157,158,157,157,157,157,157,157,157,157,157,157,157,157,158,158,157,157,157,157,157,157,158,157,157,157,157,157,157,157,157,157,157,157,157,157,157,156,157,156,157,157,157,157,157,157,157,156,156,157,157,157,156,156,156,156,156,156,156,156,156,156,157,156,156,156,156,156,156,156,156,155,155,156,156,156,156,156,156,156,156,156,156,156,156,156,157,157,157,157,156,156,156,157,157,157,156,156,157,157,157,156,156,156,157,157,156,156,156,156,156,157,157,157,157,156,156,156,157,157,157,157,157,157,157,157,157,157,157,157,157,};
      |       ^~~~~~~
D:/skapelser/flowophone/esp32/i2s_std/main/i2s_std_example_main.c:263:23: error: expected '=', ',', ';', 'asm' or '__attribute__' before 'prutt'
  263 | const __flash uint8_t prutt[] = {156,156,156,156,156,156,156,156,156,156,156,156,156,157,156,157,157,157,156,156,156,157,156,157,157,157,157,156,156,156,156,156,156,156,156,156,156,156,156,157,157,157,157,156,157,156,157,157,157,156,157,157,157,157,157,157,157,157,157,157,157,157,157,156,157,157,157,157,157,157,157,157,157,157,157,157,156,156,157,157,157,157,156,157,158,157,156,156,156,156,155,155,156,156,156,154,155,156,156,155,155,155,155,158,157,155,156,156,155,158,157,155,156,157,158,157,156,157,156,154,155,156,157,154,154,157,156,153,156,154,148,155,155,150,158,155,152,160,163,177,173,144,140,155,170,174,169,166,149,146,168,177,177,183,176,170,176,169,164,181,190,180,172,191,204,193,172,160,133,92,75,50,67,112,117,107,109,108,103,103,115,125,126,139,144,145,147,146,150,154,163,178,186,194,199,199,202,201,197,197,196,192,194,195,191,192,190,187,191,194,188,180,172,173,173,159,154,166,173,165,153,145,142,150,150,144,141,142,139,129,134,139,138,143,141,135,139,145,158,157,157,170,150,128,127,129,143,172,177,164,180,197,181,155,144,114,82,85,81,85,107,113,107,119,125,114,118,133,142,148,151,150,152,154,158,162,170,181,193,201,205,209,205,204,205,202,203,214,213,213,216,204,193,194,190,181,189,191,187,189,178,169,166,164,171,163,152,149,138,136,147,143,131,132,132,127,125,126,125,125,132,133,131,136,143,147,138,130,128,130,129,129,143,151,168,176,180,198,190,164,162,149,135,130,106,94,83,68,65,88,111,121,126,120,118,131,138,134,144,160,175,175,175,174,177,186,193,207,212,205,212,221,221,223,219,214,218,217,207,208,212,200,196,199,189,191,196,188,185,185,179,168,158,148,147,159,167,158,141,133,128,131,137,136,125,113,115,125,125,120,122,119,114,118,120,116,116,114,116,115,112,113,119,148,178,175,170,170,167,177,187,171,162,166,147,126,112,106,97,79,69,93,128,130,132,127,125,127,140,151,155,169,176,184,188,183,190,192,198,213,220,224,225,231,229,223,223,216,209,213,200,201,211,197,188,190,202,196,177,165,165,168,163,160,154,154,153,147,144,146,135,125,132,134,142,128,107,113,120,116,123,118,105,122,132,125,125,132,118,111,118,111,113,125,145,158,168,176,175,177,181,166,170,197,181,160,143,137,132,97,83,75,79,116,138,125,123,118,116,130,135,153,165,170,177,183,188,189,190,197,211,216,219,222,229,230,218,216,218,213,207,208,204,201,211,209,196,195,194,185,168,158,170,168,153,149,149,143,157,156,137,143,138,118,116,121,117,115,116,124,124,115,111,106,109,116,124,127,115,109,111,112,116,115,117,130,139,155,172,181,182,183,179,178,194,200,191,187,187,171,154,93,43,65,98,122,131,127,123,123,119,133,145,137,153,170,170,182,189,184,189,195,200,205,211,220,227,228,218,220,232,230,211,199,202,202,208,206,193,194,179,172,188,175,169,170,152,159,163,156,149,145,137,127,122,122,122,127,124,107,109,115,124,121,116,113,109,109,108,113,116,126,135,139,122,97,90,98,114,132,147,153,164,177,180,193,203,190,181,201,198,169,171,194,193,176,143,53,28,78,117,148,147,129,123,135,138,133,141,159,175,195,203,196,180,175,183,185,209,230,234,228,226,233,231,220,212,203,195,199,210,217,210,184,171,183,182,170,158,154,160,161,154,155,143,126,136,137,130,126,114,112,119,117,111,109,106,109,104,103,122,123,113,106,102,109,117,126,127,120,116,105,91,114,141,147,157,167,180,184,193,208,199,204,199,197,195,179,163,172,220,212,160,89,44,41,82,130,141,140,125,128,141,138,131,150,164,178,193,198,198,195,205,204,194,207,229,222,224,240,235,234,236,220,207,195,182,192,206,207,195,180,187,178,163,157,141,137,144,139,139,149,137,132,125,100,95,113,118,114,122,117,102,101,114,109,106,107,103,106,96,102,105,104,109,105,125,126,121,135,147,159,169,176,189,199,215,218,210,218,190,176,182,175,182,189,165,142,115,55,37,82,125,130,148,141,115,126,147,147,150,170,179,192,216,216,199,197,206,214,202,209,236,234,238,254,243,224,210,205,201,196,208,201,192,199,185,161,152,157,146,148,162,152,135,124,127,118,120,135,116,98,117,126,110,103,106,104,104,111,99,93,97,97,103,102,99,102,125,136,126,124,117,119,134,148,179,195,191,197,192,196,213,204,189,186,189,168,131,130,143,120,88,82,117,119,108,129,126,127,146,151,162,181,179,191,188,190,204,198,208,213,219,223,233,254,244,230,222,211,217,216,211,211,214,210,196,191,189,171,174,185,171,159,145,147,156,141,129,133,137,130,113,115,115,113,110,102,102,97,108,118,104,110,119,103,103,99,93,108,108,95,96,105,104,112,124,115,122,142,142,151,177,187,188,198,194,199,204,204,212,197,198,196,192,214,203,181,154,132,129,111,67,70,126,103,97,133,120,129,144,140,155,160,166,187,183,189,200,209,225,212,213,227,222,228,222,228,229,221,230,231,224,205,201,195,193,192,186,178,170,171,162,147,137,136,127,130,137,134,128,122,114,101,98,102,100,101,102,110,109,105,102,101,109,108,105,113,116,118,123,122,119,109,125,135,129,132,143,159,161,171,187,198,194,194,225,220,210,214,192,192,189,194,195,159,135,95,45,74,120,101,99,129,130,133,145,141,152,149,151,186,207,207,186,179,191,200,213,223,223,247,239,228,233,213,215,208,197,204,208,204,199,187,168,162,177,168,149,148,146,145,139,140,145,127,114,119,130,130,112,99,97,105,114,118,111,111,103,98,113,128,121,108,104,113,124,129,148,139,127,126,107,111,144,159,159,173,176,180,188,192,202,200,205,207,198,216,210,195,188,174,187,175,154,124,50,33,94,105,96,108,109,131,137,129,132,144,156,170,188,188,183,199,199,195,216,231,232,225,227,239,240,231,230,229,220,203,200,208,197,188,181,169,169,172,163,149,126,127,129,129,152,157,147,118,102,112,105,99,102,100,101,108,117,107,118,126,121,129,126,125,110,102,111,114,128,144,139,129,110,110,139,160,165,179,179,180,194,189,193,197,203,216,218,214,178,170,210,186,197,185,153,135,28,8,85,103,98,119,130,140,127,121,131,138,156,171,182,192,182,173,196,203,210,217,231,250,241,226,216,218,225,217,212,217,214,192,196,198,181,170,168,165,159,157,156,146,133,135,128,123,121,119,118,122,127,117,100,92,97,112,110,103,120,117,116,132,125,117,111,116,132,129,136,149,139,133,114,105,136,153,173,188,187,186,191,194,195,204,196,189,198,209,200,177,191,197,200,191,137,136,69,0,65,94,91,127,129,115,135,133,125,133,148,170,184,194,204,196,191,205,208,220,233,240,231,223,237,230,211,220,215,198,215,204,187,193,182,164,162,156,144,153,146,137,141,143,140,135,127,119,110,111,110,108,112,109,118,118,109,101,101,118,113,118,133,128,126,119,121,137,130,129,143,130,124,115,139,168,167,187,194,195,192,179,189,196,188,204,194,172,184,181,173,188,155,137,166,110,30,56,95,89,116,136,136,131,127,139,146,169,187,186,200,201,201,216,220,221,223,230,240,243,239,228,236,228,213,225,222,197,190,193,176,172,165,149,139,140,136,131,128,119,121,124,115,105,110,113,111,99,96,100,102,120,120,109,115,112,103,114,124,131,137,139,141,140,137,142,144,141,154,155,145,152,157,165,174,191,205,203,197,181,181,191,187,179,181,174,175,193,196,179,124,143,162,75,47,70,76,100,129,135,135,136,129,134,151,170,183,196,211,201,200,218,222,222,216,232,249,234,239,220,216,225,193,210,213,183,185,185,176,164,149,152,146,125,120,124,127,120,109,103,103,99,102,104,107,106,92,101,106,108,120,111,116,116,112,126,129,138,156,152,152,157,155,153,156,181,190,180,175,176,178,196,202,196,203,195,181,182,187,177,171,166,171,166,158,176,182,151,125,145,160,102,70,39,13,98,135,128,143,125,125,146,157,180,182,178,199,212,209,205,219,214,204,215,227,235,232,219,215,236,212,191,202,171,159,178,168,155,153,138,131,121,114,118,121,118,106,112,109,98,101,112,110,96,115,133,121,124,136,131,120,115,126,132,140,157,154,169,189,181,180,181,187,196,193,183,173,163,168,186,184,175,190,183,160,162,155,147,159,173,159,146,166,167,157,137,137,155,133,101,66,31,53,114,128,132,147,139,144,154,163,194,196,182,216,228,214,219,212,204,214,219,226,239,215,204,207,194,188,207,198,169,163,153,139,120,117,121,128,133,132,126,120,117,111,106,100,103,122,125,118,116,113,121,143,146,136,144,135,141,150,156,161,161,184,191,185,194,185,172,178,179,179,173,149,136,157,159,172,173,158,171,157,141,162,182,156,140,154,158,164,172,157,117,115,157,133,109,95,38,67,114,124,138,141,153,162,155,175,185,183,196,214,224,223,222,202,196,208,229,230,212,208,224,214,192,189,181,186,182,166,146,128,126,129,129,134,119,125,127,101,107,116,118,121,127,126,115,118,131,141,134,129,137,139,152,158,146,146,157,171,185,192,179,175,185,183,174,157,165,172,150,149,140,140,153,146,152,153,157,154,151,167,167,161,176,171,150,156,169,159,139,137,137,131,142,161,70,18,99,130,132,157,151,143,167,173,186,179,180,201,194,211,216,197,205,215,206,206,208,206,222,217,192,190,178,165,171,137,132,154,133,138,142,131,124,126,132,121,107,122,137,136,137,117,116,142,146,136,155,165,151,148,153,161,156,151,162,174,169,174,173,171,185,174,147,152,156,151,148,133,126,124,145,148,138,150,152,149,168,161,151,160,171,171,146,133,129,136,137,153,167,109,85,141,132,138,157,141,173,182,184,186,170,188,198,201,223,208,198,198,194,197,197,194,176,187,192,177,167,152,162,163,138,146,144,122,136,136,111,119,132,131,130,138,144,147,139,139,145,151,158,150,155,161,162,162,166,180,174,165,160,155,153,153,168,174,162,172,165,140,143,147,138,130,124,118,123,134,152,152,155,156,163,178,170,145,125,115,117,154,152,84,77,128,136,161,151,149,185,176,180,195,184,185,207,214,213,205,195,191,195,195,201,199,187,176,171,182,177,149,144,147,146,149,148,149,142,134,141,142,132,148,138,121,141,151,141,144,152,158,165,159,157,159,156,155,154,156,166,155,138,144,157,169,167,159,155,159,167,160,143,141,129,135,159,148,130,136,142,146,179,176,152,123,100,144,136,85,121,147,112,137,154,143,165,162,162,175,175,183,196,191,191,188,180,196,202,194,197,187,174,179,170,166,164,157,161,153,158,159,162,161,150,143,138,149,166,167,153,156,158,164,156,144,149,152,163,162,149,164,181,162,138,134,131,145,159,145,157,154,142,153,146,150,163,149,151,163,147,143,156,137,146,163,152,168,173,166,165,148,114,102,103,129,140,113,130,147,136,143,156,149,162,167,169,182,181,182,172,173,182,174,173,177,172,168,173,175,169,158,153,159,172,171,170,158,147,159,154,158,170,167,168,169,163,165,164,160,162,172,180,173,165,152,143,158,167,153,142,142,144,152,162,144,150,165,150,152,154,145,156,146,150,163,141,140,133,122,127,114,130,151,148,154,168,172,170,157,142,160,155,143,139,127,164,177,151,158,155,140,160,170,169,163,163,168,151,155,170,165,159,166,160,158,170,166,155,158,159,160,158,159,171,162,160,165,159,153,155,176,179,162,157,160,163,164,163,165,164,155,158,162,166,169,161,158,151,154,159,148,140,149,147,145,164,160,140,145,151,165,172,149,161,177,169,177,133,105,106,99,138,146,133,139,150,160,157,153,159,156,163,176,168,169,173,169,162,152,157,165,161,165,156,149,159,151,149,153,152,157,158,157,155,154,159,167,169,168,161,160,166,171,173,166,159,156,157,160,160,157,152,155,154,151,149,152,154,146,149,161,168,166,168,161,163,163,159,167,160,167,174,149,136,151,145,144,153,148,150,158,162,157,149,149,155,156,153,155,151,147,150,150,152,152,153,163,157,148,154,150,149,151,156,161,159,171,168,155,151,157,162,166,178,175,167,152,125,107,137,153,150,159,156,159,158,168,175,160,158,182,182,164,160,157,156,165,157,148,156,151,147,148,144,141,154,154,152,157,155,167,164,149,149,161,170,175,171,159,172,172,163,167,163,153,157,162,157,157,157,152,147,153,155,151,155,148,143,149,152,154,158,160,161,159,162,158,153,147,144,152,141,139,147,144,150,156,149,156,156,154,163,161,163,162,161,163,164,163,158,154,165,166,162,161,156,156,159,157,152,149,155,157,147,145,147,150,153,155,150,153,161,153,154,159,156,157,162,161,160,158,162,172,162,163,164,158,171,164,154,164,161,158,165,160,160,160,157,161,159,162,166,160,157,153,152,160,155,152,159,155,154,147,146,155,158,157,149,123,131,159,139,140,155,146,151,165,153,150,160,161,165,163,154,162,162,157,159,156,155,156,156,157,159,160,162,157,157,156,155,162,162,156,158,158,157,158,152,155,152,155,160,158,161,151,149,159,162,156,151,158,160,157,161,158,153,162,164,161,159,160,163,158,160,163,158,158,158,158,161,162,160,152,148,152,150,151,155,155,156,154,154,158,157,156,155,153,157,157,153,151,150,151,149,152,154,156,159,160,160,157,156,159,159,158,160,155,155,159,158,155,158,157,155,155,155,157,158,157,156,158,155,154,156,155,159,164,161,161,160,161,160,157,162,160,157,157,155,150,145,144,150,152,153,156,153,153,153,154,152,152,156,159,158,156,159,156,160,160,156,159,162,158,154,156,158,158,153,155,158,156,159,160,159,160,160,163,165,164,160,159,159,161,162,160,161,160,159,160,159,156,154,152,153,157,155,151,148,146,148,151,152,154,155,155,155,157,157,157,155,155,154,152,155,155,153,152,153,158,160,158,157,156,156,157,157,156,156,155,155,156,157,157,155,156,155,153,154,154,155,157,157,156,157,156,154,154,157,158,157,158,158,157,157,157,157,158,159,159,160,161,163,162,162,159,158,159,160,162,160,161,161,158,158,160,160,159,157,156,157,158,157,155,155,155,153,154,153,152,152,151,152,153,154,156,157,156,154,154,155,158,158,157,157,154,151,150,152,153,151,151,154,154,155,154,152,152,151,153,155,157,159,157,152,154,157,159,160,159,158,160,164,162,159,158,158,160,158,157,157,156,158,159,158,158,159,159,159,158,159,159,159,157,155,157,159,161,158,157,157,156,155,154,156,157,154,155,156,158,157,155,158,161,160,158,158,158,160,159,158,160,162,159,156,155,158,159,157,154,152,156,156,154,149,149,151,151,150,151,152,155,154,151,150,154,154,153,152,153,155,155,155,155,155,154,155,157,159,160,159,158,159,159,159,161,162,161,160,159,159,160,161,161,159,158,158,158,158,158,158,159,159,157,154,154,154,155,155,155,155,156,156,156,154,155,157,157,157,157,156,157,158,157,157,156,157,159,159,159,159,159,159,158,158,158,157,157,156,156,156,157,157,157,156,155,155,155,154,153,153,154,155,155,154,153,154,154,155,156,154,155,155,156,156,155,154,155,155,155,156,157,158,157,156,156,158,158,158,157,157,158,158,158,158,158,158,158,158,158,158,157,156,156,156,157,158,157,156,156,156,157,158,157,157,157,158,158,158,159,158,157,158,158,158,157,157,157,157,157,157,157,157,157,157,156,156,156,155,155,156,156,157,157,156,154,155,156,156,156,156,156,156,155,155,155,155,154,155,155,155,155,154,154,154,155,156,156,156,156,156,156,157,157,157,157,156,156,157,158,157,157,157,157,157,157,157,157,157,157,157,157,158,158,157,157,157,157,157,157,158,157,157,157,157,157,157,157,157,157,157,157,157,157,157,156,157,156,157,157,157,157,157,157,157,156,156,157,157,157,156,156,156,156,156,156,156,156,156,156,157,156,156,156,156,156,156,156,156,155,155,156,156,156,156,156,156,156,156,156,156,156,156,156,157,157,157,157,156,156,156,157,157,157,156,156,157,157,157,156,156,156,157,157,156,156,156,156,156,157,157,157,157,156,156,156,157,157,157,157,157,157,157,157,157,157,157,157,157,};
      |                       ^~~~~
D:/skapelser/flowophone/esp32/i2s_std/main/i2s_std_example_main.c: In function 'initSineTable':
D:/skapelser/flowophone/esp32/i2s_std/main/i2s_std_example_main.c:294:27: warning: unused variable 'bigEndian32' [-Wunused-variable]
  294 |         } littleEndian32, bigEndian32;
      |                           ^~~~~~~~~~~
D:/skapelser/flowophone/esp32/i2s_std/main/i2s_std_example_main.c:294:11: warning: unused variable 'littleEndian32' [-Wunused-variable]
  294 |         } littleEndian32, bigEndian32;
      |           ^~~~~~~~~~~~~~
D:/skapelser/flowophone/esp32/i2s_std/main/i2s_std_example_main.c: In function 'write_sine':
D:/skapelser/flowophone/esp32/i2s_std/main/i2s_std_example_main.c:354:43: error: 'prutt' undeclared (first use in this function)
  354 |         output_buffer[ii] =  (int16_t) (  prutt[ii] << 6);
      |                                           ^~~~~
D:/skapelser/flowophone/esp32/i2s_std/main/i2s_std_example_main.c:354:43: note: each undeclared identifier is reported only once for each function it appears in
D:/skapelser/flowophone/esp32/i2s_std/main/i2s_std_example_main.c: In function 'i2s_example_write_task':
D:/skapelser/flowophone/esp32/i2s_std/main/i2s_std_example_main.c:447:16: warning: unused variable 'phase' [-Wunused-variable]
  447 |     static int phase = 0;
      |                ^~~~~
D:/skapelser/flowophone/esp32/i2s_std/main/i2s_std_example_main.c: At top level:
D:/skapelser/flowophone/esp32/i2s_std/main/i2s_std_example_main.c:442:13: warning: 'i2s_example_write_task' defined but not used [-Wunused-function]
  442 | static void i2s_example_write_task(void *args)
      |             ^~~~~~~~~~~~~~~~~~~~~~
D:/skapelser/flowophone/esp32/i2s_std/main/i2s_std_example_main.c:391:13: warning: 'write_buffer' defined but not used [-Wunused-function]
  391 | static void write_buffer()
      |             ^~~~~~~~~~~~
D:/skapelser/flowophone/esp32/i2s_std/main/i2s_std_example_main.c:381:13: warning: 'write_sine_lut' defined but not used [-Wunused-function]
  381 | static void write_sine_lut()
      |             ^~~~~~~~~~~~~~
D:/skapelser/flowophone/esp32/i2s_std/main/i2s_std_example_main.c:289:13: warning: 'initSineTable' defined but not used [-Wunused-function]
  289 | static void initSineTable( void ) {
      |             ^~~~~~~~~~~~~
ninja: build stopped: subcommand failed.
