Command: D:\Espressif\python_env\idf5.5_py3.11_env\Scripts\python.exe D:\Espressif\frameworks\esp-idf-v5.5-2\tools/idf_monitor.py -p COM14 -b 115200 --toolchain-prefix riscv32-esp-elf- --target esp32h2 --revision 0 --decode-panic backtrace D:\skapelser\flowophone\esp32\i2s_std\build\i2s_std_example.elf D:\skapelser\flowophone\esp32\i2s_std\build\bootloader\bootloader.elf --force-color -m 'D:\Espressif\python_env\idf5.5_py3.11_env\Scripts\python.exe' 'D:\Espressif\frameworks\esp-idf-v5.5-2\\tools\idf.py' '-p' 'COM14'
ESP-ROM:esp32h2-20221101
Build:Nov  1 2022
rst:0x1 (POWERON),boot:0x1e (SPI_FAST_FLASH_BOOT)
SPIWP:0xee
mode:DIO, clock div:1
load:0x408460f0,len:0x16b0
load:0x4083c2d0,len:0xfe0
load:0x4083efd0,len:0x2fb4
entry 0x4083c2da
[0;32mI (23) boot: ESP-IDF v5.5.2-729-g87912cd291 2nd stage bootloader[0m
[0;32mI (24) boot: compile time Apr  3 2026 17:33:27[0m
[0;32mI (25) boot: chip revision: v0.1[0m
[0;32mI (25) boot: efuse block revision: v0.3[0m
[0;32mI (29) boot.esp32h2: SPI Speed      : 64MHz[0m
[0;32mI (33) boot.esp32h2: SPI Mode       : DIO[0m
[0;32mI (36) boot.esp32h2: SPI Flash Size : 2MB[0m
[0;32mI (40) boot: Enabling RNG early entropy source...[0m
[0;32mI (45) boot: Partition Table:[0m
[0;32mI (47) boot: ## Label            Usage          Type ST Offset   Length[0m
[0;32mI (53) boot:  0 nvs              WiFi data        01 02 00009000 00006000[0m
[0;32mI (60) boot:  1 phy_init         RF data          01 01 0000f000 00001000[0m
[0;32mI (66) boot:  2 factory          factory app      00 00 00010000 00100000[0m
[0;32mI (73) boot: End of partition table[0m
[0;32mI (76) esp_image: segment 0: paddr=00010020 vaddr=42020020 size=19a08h (104968) map[0m
[0;32mI (113) esp_image: segment 1: paddr=00029a30 vaddr=40800000 size=065e8h ( 26088) load[0m
[0;32mI (123) esp_image: segment 2: paddr=00030020 vaddr=42000020 size=19bb4h (105396) map[0m
[0;32mI (153) esp_image: segment 3: paddr=00049bdc vaddr=408065e8 size=04af0h ( 19184) load[0m
[0;32mI (160) esp_image: segment 4: paddr=0004e6d4 vaddr=4080b0e0 size=01744h (  5956) load[0m
[0;32mI (163) esp_image: segment 5: paddr=0004fe20 vaddr=50000000 size=00020h (    32) load[0m
[0;32mI (168) boot: Loaded app from partition at offset 0x10000[0m
[0;32mI (170) boot: Disabling RNG early entropy source...[0m
[0;32mI (187) cpu_start: Unicore app[0m
[0;32mI (195) cpu_start: GPIO 23 and 24 are used as console UART I/O pins[0m
[0;32mI (196) cpu_start: Pro cpu start user code[0m
[0;32mI (196) cpu_start: cpu freq: 96000000 Hz[0m
[0;32mI (197) app_init: Application information:[0m
[0;32mI (201) app_init: Project name:     i2s_std_example[0m
[0;32mI (206) app_init: App version:      b6e3810-dirty[0m
[0;32mI (210) app_init: Compile time:     Apr  3 2026 17:33:38[0m
[0;32mI (215) app_init: ELF file SHA256:  bda3d84ed...[0m
[0;32mI (220) app_init: ESP-IDF:          v5.5.2-729-g87912cd291[0m
[0;32mI (225) efuse_init: Min chip rev:     v0.0[0m
[0;32mI (229) efuse_init: Max chip rev:     v1.99 [0m
[0;32mI (233) efuse_init: Chip rev:         v0.1[0m
[0;32mI (237) heap_init: Initializing. RAM available for dynamic allocation:[0m
[0;32mI (243) heap_init: At 40815900 len 00037A80 (222 KiB): RAM[0m
[0;32mI (248) heap_init: At 4084D380 len 00002B60 (10 KiB): RAM[0m
[0;32mI (253) heap_init: At 50000020 len 00000FC8 (3 KiB): RTCRAM[0m
[0;32mI (259) spi_flash: detected chip: gd[0m
[0;32mI (262) spi_flash: flash io: dio[0m
[0;33mW (265) spi_flash: Detected size(4096k) larger than the size in the binary image header(2048k). Using the size in the binary image header.[0m
[0;32mI (277) sleep_gpio: Configure to isolate all GPIO pins in sleep state[0m
[0;32mI (283) sleep_gpio: Enable automatic switching of GPIO sleep configuration[0m
[0;32mI (290) main_task: Started on CPU0[0m
[0;32mI (290) main_task: Calling app_main()[0m
D (290) i2s_common: tx channel is registered on I2S0 successfully
D (300) i2s_common: DMA malloc info: dma_desc_num = 6, dma_desc_buf_size = dma_frame_num * slot_num * data_bit_width = 960
D (310) i2s_std: Clock division info: [sclk] 96000000 Hz [mdiv] 8 74/147 [mclk] 11289600 Hz [bdiv] 8 [bclk] 1411200 Hz
D (320) i2s_std: The tx channel on I2S0 has been initialized to STD mode successfully
D (330) i2s_common: i2s tx channel enabled
4081
[0;32mI (330) main_task: Returned from app_main()[0m
4081
4081
4081
4081
4081
4081
4081
4081
4081
4081
4081
4081
4081
4081
4081
4081
4081
4081
4081
4081
4081
4081
4081
4081
4081
4081
4081
4081
4081
4081
4081
4081
4081
4081
4081
4081
4081
4081
4081
4081
4081
4081
4081
4081
4081
4081
4081
4081
4081
4081
4081
4081
4081
4081
4081
4081
4081
4081
4081
4081
4081
4081
4081
4081
4081
4081
4081
4081
4081
4081
4081
4081
4081
4081
4081
4081
4081
4081
4081
4081
4081
4081
4081
4081
4081
4081
4081
4081
4081
4081
4081
4081
4081
4081
4081
4081
4081
4081
4081
4081
4081
4081
4081
4081
4081
4081
4081
4081
4081
4081
4081
4081
4081
4081
4081
4081
4081
4081
4081
4081
4081
4081
4081
4081
4081
4081
4081
4081
4081
4081
4081
4081
4081
4081
4081
4081
4081
4081
4081
4081
4081
4081
4081
4081
4081
4081
4081
4081
4081
4081
4081
4081
4081
4081
4081
4081
4081
4081
4081
4081
4081
4081
4081
4081
4081
4081
4081
4081
4081
4081
4081
4081
4081
4081
4081
4081
4081
4081
4081
4081
4081
4081
4081
4081
4081
4081
4081
4081
4081
4081
4081
4081
4081
4081
4081
4081
4081
4081
4081
4081
4081
4081
4081
4081
4081
4081
4081
4081
4081
4081
4081
4081
4081
4081
4081
4081
4081
4081
4081
4081
4081
4081
4081
4081
4081
4081
4081
4081
4081
4081
4081
4081
4081
4081
4081
4081
4081
4081
4081
4081
4081
4081
4081
4081
4081
4081
4081
4081
4081
4081
4081
4081
4081
4081
3857
3776
3456
3280
2929
2928
2720
2593
2785
2561
2529
2673
2769
2529
2736
2753
2641
2656
2720
2561
2529
2688
2657
2560
2433
2336
2337
2048
2096
1937
1601
1729
1376
1393
1200
1009
928
912
769
609
432
273
224
96
32
49
64
33
48
32
17
49
49
1
48
1
0
0
0
17
1
0
1
17
0
0
0
0
0
0
0
17
1
0
0
17
0
0
16
0
0
16
0
1
0
0
0
17
0
1
32
0
0
33
128
225
416
593
784
865
976
1073
1169
1360
1440
1489
1521
1728
1905
1921
2017
1969
2033
2097
2320
2272
2497
2369
2593
2417
2544
2705
2912
2880
2944
3009
3121
3152
3377
3200
3472
3664
3665
3664
3969
3808
4081
3985
4081
4081
4081
4081
4081
4081
4081
4081
4081
4081
4081
4081
4081
4081
4081
4081
4081
4081
4081
4081
4081
4081
4081
4081
4081
4081
4081
4081
4081
4081
4081
4081
4081
4081
4081
4081
4081
4081
4081
4081
4081
4081
4081
4081
4081
4081
4081
4081
4081
4081
4081
4081
4081
4081
4081
4081
4081
4081
4081
4081
4081
4081
4081
4081
4017
4048
4049
3953
3697
3680
3488
3568
3280
3280
3328
3265
2961
3008
2880
2912
2736
2881
2704
2656
2673
2496
2465
2513
2481
2369
2304
2176
2096
1985
2001
2112
1936
1824
1681
1776
1633
1360
1361
1329
1296
1073
961
864
785
497
689
353
353
257
97
0
17
0
0
1
0
0
17
0
64
17
0
33
1
33
1
17
0
0
0
17
0
0
81
0
0
49
0
17
16
1
0
65
241
304
464
704
736
832
896
945
1169
1201
1312
1345
1329
1520
1600
1552
1889
2048
1937
2145
2145
2209
2369
2433
2448
2497
2657
2641
2673
2672
2784
2737
2928
2976
2913
3233
3137
3185
3169
3393
3376
3472
3393
3489
3505
3696
3792
3793
3824
3920
4033
3984
4081
4001
4081
4081
4081
4081
4081
4081
4081
4081
4081
4081
4081
4081
4081
4081
4081
4081
4081
4081
4081
4081
4081
4081
4081
4081
4081
4081
4081
4081
4081
4081
4081
4081
4081
4081
4081
4081
4081
4081
4081
4081
4081
4081
4081
4081
4081
4081
4081
4081
4081
4081
4081
4081
4081
4081
4081
4081
4081
4081
4081
4081
4081
4081
4081
4081
4081
4081
4081
4081
4081
4081
4081
4081
4081
4081
4081
4081
4081
4081
4081
4081
4081
4081
4081
4081
4081
4081
4081
4081
4081
4081
4081
4081
4081
4081
4081
4081
4081
4081
4081
4081
4081
4081
4081
4081
4081
4081
4081
4081
4081
4081
4081
4081
4081
4081
4081
4081
4081
4081
4081
4081
4081
4081
4081
4081
4081
4081
4081
4081
4081
4081
4081
4081
4081
4081
4081
4081
4081
4081
4081
4081
4081
4081
4081
4081
4081
4081
4081
4081
4081
4081
4081
4081
4081
4081
4081
4081
4081
4081
4081
4081
4081
4081
4081
4081
4081
4081
4081
4081
4081
4081
4081
4081
4081
4081
4081
4081
4081
4081
4081
4081
4081
4081
4081
4081
4081
4081
4081
4081
4081
4081
4081
4081
4081
4081
4081
4081
4081
4081
4081
4081
4081
4081
4081
4081
4081
4081
4081
4081
4081
4081
4081
4081
4081
4081
4081
4081
4081
4081
4081
4081
4081
4081
4081
4081
4081
4081
4081
4081
4081
4081
4081
4081
4081
4081
4081
4081
4081
4081
4081
4081
4081
4081
4081
4081
3889
3825
3921
3905
3777
3632
3648
3360
3425
3281
3376
3105
3216
2960
3073
3072
2753
2672
2785
2449
2640
2577
2385
2576
2561
2576
2353
2401
2385
2528
2560
2369
2401
2368
2337
2513
2352
2416
2577
2609
2641
2672
2641
2577
2609
2912
2705
2800
2928
3040
3104
2976
3024
3105
3280
3392
3424
3697
3776
3729
4017
3969
4080
4081
4081
4081
4081
4081
4081
4081
4081
4081
4081
4081
4081
4081
4081
4081
4081
4081
4081
4081
4081
4081
4081
4081
4081
4081
4081
4081
4081
4081
4081
4081
4081
4081
4081
4081
4081
4081
4081
4081
4081
4081
4081
4081
4081
4081
4081
4081
4081
4081
4081
4081
4081
4081
4081
4081
4081
4081
4081
4081
4081
4081
4081
4081
4081
4081
4081
4081
4081
4081
4081
4081
4081
4081
4081
4081
4081
4081
4081
4081
4081
4081
4081
4081
4081
4081
4081
4081
4081
4081
4081
4081
4081
4081
4081
4081
4081
4081
4081
4081
4081
4081
4081
4081
4081
4081
4081
4081
4081
4081
4081
4081
4081
4081
4081
4081
4081
4081
4081
4081
4081
4081
4081
4081
4081
4081
4081
4081
4081
4081
4081
4081
4081
4081
4081
4081
4081
4081
4081
4081
4081
4081
4081
4081
4081
4081
4081
4081
4081
4081
4081
4081
4081
4081
4081
4081
4081
4081
4081
4081
4081
3985
4081
3888
3841
3953
3729
3825
3776
3728
3457
3617
3536
3520
3312
3153
3265
3153
3185
2961
3025
2848
2816
2848
2801
2800
2705
2704
2593
2561
2320
2177
2177
2224
2017
1872
1841
1904
1857
1585
1473
1504
1281
1297
1136
1024
929
929
785
769
817
641
656
449
416
272
353
128
1
1
0
0
0
16
17
0
0
0
17
1
0
17
1
16
1
0
0
0
65
0
0
1
0
0
17
33
0
0
0
0
0
1
0
0
48
17
97
209
225
400
448
561
545
769
832
992
785
992
1009
1025
1137
1329
1152
1441
1504
1345
1537
1696
1793
1728
1665
1856
1809
1793
1888
2112
1921
2145
2320
2353
2400
2512
2640
2400
2689
2513
2609
2896
2945
2849
3057
3056
3249
3216
3168
3249
3392
3633
3728
3617
3776
3745
3808
3984
3840
3904
4081
4080
4081
4081
4081
4081
4081
4081
4081
4081
4081
4081
4081
4081
4081
4081
4081
4081
4081
4081
4081
4081
4081
4081
4081
4081
4081
4081
4081
4081
4081
4081
4081
4081
4081
4081
4081
4081
4081
4081
4081
4081
4081
4081
4081
4081
4081
4081
4081
4081
4081
4081
4081
4081
4081
4081
4081
4081
4081
4081
4081
4081
4081
4081
4081
4081
4081
4081
4081
4081
4081
4081
3761
3969
3840
3585
3552
3697
3632
3441
3553
3457
3264
3217
3040
3120
2912
2849
2833
2737
2689
2800
2545
2641
2592
2576
2256
2400
2097
1984
2048
1921
1857
1745
1473
1505
1361
1248
1073
1136
1072
961
897
785
577
609
417
385
209
240
80
0
0
1
0
1
0
17
0
0
0
32
0
0
48
17
16
17
16
1
0
1
1
0
0
0
1
0
1
0
0
64
17
16
32
81
192
369
465
592
545
720
736
929
1104
1073
1264
1153
1265
1536
1505
1504
1712
1792
1872
1761
1905
1937
1952
2241
2320
2353
2369
2593
2544
2593
2864
2769
2960
2960
2992
3200
3040
3328
3217
3265
3313
3569
3665
3488
3585
3840
3888
3776
4080
4081
4081
4081
4081
4081
4081
4081
4081
4081
4081
4081
4081
4081
4081
4081
4081
4081
4081
4081
4081
4081
4081
4081
4081
4081
4081
4081
4081
4081
4081
4081
4081
4081
4081
4081
4081
4081
4081
4081
4081
4081
4081
4081
4081
4081
4081
4001
4081
3921
3841
3680
3360
3281
3344
3041
3152
3009
2689
2721
2705
2513
2176
1920
2112
1969
1649
1441
1408
1424
1360
1072
1009
929
833
592
593
544
448
337
208
129
80
16
0
0
0
1
0
0
32
32
1
0
0
16
0
0
0
0
0
33
0
0
0
1
0
32
32
1
0
0
16
16
16
1
0
1
0
1
0
1
17
0
1
0
1
0
0
0
33
32
0
0
17
0
1
0
0
1
0
0
0
17
17
0
0
0
0
0
0
0
33
17
17
1
0
16
17
17
0
0
0
0
1
17
0
0
0
17
0
0
17
49
0
0
0
0
0
